21.4.2021  13:53:11
Описание компонентов
Резисторы
           n+        n-     R(ком)
R1         1         0   1000,00
R2         4         0      0,10
R3         3         0     10,00
R4         2         0     10,00
У/п транзисторы
           nz        ns     ni      Rc      Czi      Czs     Csi     S
У/п транзисторы1         1         3         4        1000,00     0,00000100     0,00000110     0,00000100          10,00
У/п транзисторы2         3         2         0        1000,00     0,00000100     0,00000110     0,00000100          10,00
Результаты моделирования
     f кГц  	   kum 	     kua 	 rim 	   ria 	      rom 	 roa
     10,00   0,00E+000    180,00   1,00E+003      0,00   1,00E+001      0,00
    100,00   0,00E+000    180,00   5,00E+002      0,00   5,00E+000      0,00
   1000,00   0,00E+000    180,00   3,33E+002      0,00   3,33E+000      0,00
  10000,00   0,00E+000    180,00   2,50E+002      0,00   2,50E+000      0,00
